
11 10 13 10 10 12 55
10 11 10 11 10 10 52
12 10 13 10 11 16 60
12 12 10 10 10 12 54
12 11 10 10 11 10 52
10 12 10 12 10 10 54
10 11 11 11 12 12 57
10 11 10 10 11 10 52
10 11 10 10 10 10 51
11 11 13 10 11 11 56
11 12 10 10 10 12 54
11 10 10 14 11 10 55
11 11 15 10 10 10 56
12 15 10 10 16 10 61
12 11 11 12 11 10 55
11 13 14 10 11 10 58
10 11 11 11 10 10 53
10 11 11 10 10 13 55
12 11 10 10 10 11 52
10 10 10 12 11 10 53
17 11 12 10 11 10 54
11 11 10 10 11 10 52
10 10 10 11 11 16 58
10 10 10 10 12 10 52
10 10 10 10 13 10 53
10 12 12 10 10 10 54
10 12 12 10 14 12 60
10 11 13 10 14 10 58
11 10 10 10 10 10 50
10 12 11 10 10 10 53
11 11 11 10 10 11 53
10 11 11 10 11 10 53
10 10 12 11 11 10 54
10 10 12 10 15 11 58
12 10 11 12 10 13 56
10 10 11 10 10 10 51
12 10 10 11 10 20 61
10 11 20 12 11 10 64
10 10 11 13 10 11 55
10 10 10 11 10 11 52
10 10 10 10 11 10 51
10 11 10 12 10 13 56
10 11 10 13 10 10 54
10 12 10 11 11 16 60
12 11 11 12 12 10 56
10 15 13 10 12 12 62
10 14 11 13 11 11 60
10 11 12 10 10 11 54
12 13 10 11 10 10 54
11 10 13 12 10 10 55
14 11 11 10 16 11 59
10 13 11 10 15 11 60
10 11 10 10 13 11 55
11 10 10 11 11 11 53
10 11 12 10 10 12 55
12 10 16 10 10 11 57
11 10 10 10 12 12 54
10 13 15 13 11 10 62
11 10 13 11 10 10 54
10 10 11 10 11 10 52
10 10 15 10 12 10 57
11 13 11 14 10 10 58
13 10 12 15 13 11 61
11 12 11 10 11 12 56
11 10 11 10 11 11 53
11 10 10 10 11 12 53
10 13 11 13 10 13 60
11 10 12 11 10 10 53
10 10 10 13 13 12 58
10 11 13 10 12 10 56
10 10 12 17 10 18 67
10 13 12 11 11 12 59
12 11 16 10 10 10 57
11 11 12 10 12 10 55
12 10 11 10 11 10 52
11 10 10 11 10 10 51
16 10 10 12 10 10 52
10 10 11 10 12 11 54
10 11 11 11 10 11 54
12 11 11 10 11 12 55
10 10 13 13 12 10 58
10 12 10 11 11 10 54
11 10 10 11 10 10 51
11 18 10 11 10 10 59
10 12 10 11 12 10 55
14 11 12 10 10 15 58
10 10 10 10 11 11 52
10 11 10 10 12 10 53
13 10 11 10 11 10 52
10 16 11 10 10 12 59
10 10 10 13 10 11 54
10 10 11 11 10 12 54
10 13 10 10 11 12 56
10 11 11 15 11 10 58
12 10 11 11 11 11 54
12 11 11 11 11 11 55
11 10 10 10 10 11 51
10 10 10 10 10 11 51
10 10 10 14 10 10 54
15 10 18 10 10 11 59
11 11 12 10 10 11 54
10 11 10 12 10 10 53
11 11 13 10 12 14 60
12 10 10 10 10 12 52
11 11 12 11 10 10 54
10 10 10 12 10 11 53
10 10 12 13 12 10 57
10 12 10 13 15 12 62
10 10 10 11 15 11 57
10 11 12 11 10 10 54
12 12 11 15 10 13 61
11 10 10 11 10 10 51
10 10 13 12 11 10 56
10 11 12 10 10 11 54
11 10 10 10 10 11 51
10 10 13 10 10 12 55
12 10 11 11 11 11 54
10 10 10 11 11 11 53
10 10 11 12 10 11 54
11 17 10 10 10 11 58
11 12 10 12 10 11 55
11 10 11 12 13 12 58
10 10 11 10 10 11 52
15 13 10 12 12 11 58
10 13 10 13 11 10 57
12 10 11 10 10 10 51
10 10 10 10 10 11 51
11 10 10 11 11 12 54
10 10 16 10 10 11 57
10 10 11 11 11 10 53
10 10 10 16 11 10 57
11 11 12 10 13 10 56
12 10 10 10 10 13 53
11 10 10 12 11 10 53
10 10 11 12 10 10 53
10 10 10 11 14 10 55
10 10 13 11 10 10 54
13 10 15 12 14 10 61
10 14 10 11 10 10 55
10 11 12 11 10 10 54
11 10 10 10 10 11 51
11 17 10 10 12 10 59
11 10 10 13 13 12 58
10 10 10 11 11 10 52
10 10 10 10 12 11 53
17 10 10 12 11 12 55
11 11 10 10 11 10 52
10 12 10 11 11 10 54
11 11 13 14 10 12 60
10 10 11 10 11 10 52
10 12 10 12 10 10 54
11 10 10 10 10 10 50
11 11 11 14 10 10 56
10 13 10 10 13 14 60
10 10 11 12 12 10 55
10 10 18 14 13 12 67
13 10 13 12 10 10 55
12 10 11 11 10 10 52
13 10 10 10 10 11 51
12 10 10 10 10 11 51
12 11 12 11 10 11 55
11 11 11 11 10 18 61
10 11 10 14 10 10 55
10 10 11 10 12 10 53
10 11 10 10 12 11 54
14 11 13 10 11 10 55
11 10 12 11 11 10 54
10 10 10 14 10 10 54
12 10 10 10 13 10 53
11 10 10 10 11 10 51
10 10 10 10 10 15 55
12 11 10 10 11 10 52
10 11 10 13 14 10 58
12 10 13 11 10 13 57
10 10 10 10 10 10 50
10 13 11 12 14 10 60
12 13 11 13 13 10 60
10 10 10 11 10 12 53
10 10 10 11 12 11 54
11 10 13 10 11 13 57
11 10 11 16 10 10 57
11 10 11 13 11 10 55
10 10 10 12 10 10 52
11 14 16 10 10 11 61
10 10 11 10 11 10 52
13 10 10 15 11 10 56
10 10 12 16 10 10 58
10 11 11 10 10 10 52
10 10 12 11 14 11 58
13 10 15 11 10 10 56
10 10 12 13 10 10 55
11 11 10 12 10 11 54
10 10 10 12 11 10 53
10 12 10 11 10 10 53
13 11 10 13 14 11 59
10 10 10 18 10 12 60
10 11 10 10 10 10 51
11 12 12 10 10 10 54
10 10 10 11 15 12 58
10 10 11 11 10 10 52
10 11 10 14 11 10 56
11 11 10 10 12 11 54
12 10 12 12 10 11 55
10 10 11 10 10 10 51
10 11 12 10 10 10 53
11 10 12 10 10 11 53
12 10 12 12 12 13 59
11 10 12 10 10 10 52
16 13 13 12 11 10 59
10 13 12 11 10 13 59
11 11 13 16 10 13 63
10 11 11 10 10 10 52
11 11 14 12 12 10 59
14 14 17 10 15 10 66
10 10 10 10 11 13 54
10 12 12 11 11 11 57
12 11 13 10 10 10 54
10 14 10 13 11 11 59
10 10 11 10 10 10 51
10 12 11 11 10 11 55
12 13 10 10 12 11 56
12 10 10 11 10 12 53
10 10 10 10 11 10 51
10 10 10 10 12 10 52
10 13 10 10 11 10 54
11 10 12 10 10 10 52
10 10 10 12 10 12 54
11 12 13 12 10 12 59
11 10 12 10 15 10 57
10 10 10 10 10 18 58
11 11 10 10 11 13 55
11 11 11 10 10 10 52
10 11 10 11 11 10 53
10 11 10 12 11 11 55
10 14 11 11 10 10 56
11 10 10 15 10 13 58
10 11 11 11 17 11 61
10 11 11 12 11 10 55
11 16 10 11 11 12 60
10 10 10 10 11 10 51
13 11 11 10 10 14 56
13 11 10 10 11 10 52
11 11 11 18 10 11 61
10 10 10 13 13 12 58
12 10 11 11 10 10 52
11 11 10 11 12 12 56
10 13 10 11 11 12 57
10 11 10 10 11 10 52
11 13 13 11 10 12 59
10 12 10 10 10 10 52
10 11 10 11 11 11 54
10 12 10 10 10 10 52
10 12 11 10 10 12 55
11 10 10 14 14 10 58
12 10 11 10 10 11 52
11 10 10 16 11 10 57
11 10 12 10 10 10 52
10 10 11 13 10 11 55
10 11 10 10 17 10 58
10 10 10 11 12 10 53
12 10 15 10 10 10 55
11 10 10 10 16 10 56
11 10 10 11 10 12 53
10 10 10 11 10 10 51
11 10 11 10 10 10 51
11 11 10 12 10 17 60
10 10 10 13 10 10 53
12 10 10 12 12 10 54
11 13 13 10 10 13 59
10 10 10 10 10 11 51
10 11 10 13 12 10 56
11 10 10 10 10 10 50
12 10 13 10 13 11 57
10 10 10 10 10 11 51
10 12 12 10 10 10 54
10 10 10 10 10 12 52
11 12 11 11 10 12 56
11 13 10 10 11 10 54
10 13 10 10 13 14 60
11 10 10 13 10 10 53
11 15 17 15 10 10 67
12 11 10 10 10 15 56
10 15 10 10 13 13 61
11 10 10 11 10 10 51
15 11 10 11 14 11 57
10 13 12 11 11 11 58
10 11 10 11 11 11 54
10 10 10 11 12 10 53
10 10 10 10 13 12 55
11 11 10 11 10 10 52
10 11 11 11 11 11 55
13 12 10 13 18 11 64
10 10 11 11 11 10 53
12 10 10 13 11 10 54
10 10 13 10 10 10 53
10 10 11 11 11 11 54
10 10 11 10 10 12 53
12 10 10 11 10 10 51
10 11 11 12 10 12 56
10 12 11 11 10 10 54
10 10 11 10 11 10 52
11 11 13 10 10 11 55
12 12 11 10 10 13 56
13 11 10 10 10 10 51
10 10 10 12 10 11 53
10 10 10 10 10 10 50
10 14 11 10 12 10 57
10 10 11 11 10 13 55
10 11 10 10 11 11 53
12 12 10 11 10 11 54
10 10 11 11 10 10 52
12 10 13 11 10 11 55
11 10 11 11 11 11 54
11 10 11 10 14 11 56
10 10 13 10 11 11 55
10 11 14 10 10 11 56
10 10 10 10 10 10 50
10 11 16 10 11 11 59
10 11 10 11 10 10 52
10 11 11 10 11 16 59
10 10 13 10 10 11 54
11 10 12 10 11 10 53
10 11 10 15 10 10 56
10 10 13 10 10 10 53
14 11 12 10 10 11 54
11 10 10 11 10 10 51
11 11 12 10 10 13 56
10 10 10 10 14 11 55
12 12 11 11 12 10 56
11 10 11 11 10 11 53
12 11 10 10 11 10 52
11 10 14 11 10 12 57
10 10 13 10 10 12 55
10 10 12 11 10 16 59
10 13 10 10 12 11 56
10 11 11 10 10 10 52
11 10 13 10 13 10 56
10 10 10 11 12 10 53
12 14 10 10 10 11 55
10 10 11 12 12 10 55
13 11 12 15 10 11 59
13 10 11 13 10 10 54
10 10 10 10 10 12 52
10 10 10 10 10 14 54
11 12 10 10 11 10 53
11 10 11 10 11 10 52
13 10 10 10 14 11 55
10 10 11 10 10 10 51
10 10 10 15 13 11 59
13 11 12 10 10 10 53
11 10 10 11 10 12 53
11 10 12 10 12 10 54
10 12 12 12 15 10 61
11 10 11 12 10 12 55
13 10 10 14 10 13 57
10 13 10 11 13 10 57
11 12 10 10 10 10 52
14 10 10 10 13 14 57
13 10 13 10 10 10 53
11 12 10 10 11 14 57
11 11 10 10 10 10 51
11 11 12 10 14 10 57
13 11 10 11 10 11 53
10 11 10 13 10 11 55
11 11 10 12 10 10 53
11 12 10 10 11 10 53
12 12 21 10 10 10 63
10 12 11 10 12 10 55
10 10 11 11 10 14 56
12 11 10 10 10 10 51
10 10 11 12 11 10 54
10 15 11 11 11 11 59
10 10 10 10 10 10 50
10 12 15 14 13 11 65
10 10 11 10 11 10 52
11 15 11 12 11 10 59
13 12 10 13 10 10 55
10 12 10 11 10 12 55
13 10 10 10 10 10 50
11 10 13 11 10 10 54
10 10 10 10 10 12 52
10 13 11 10 10 14 58
10 10 10 12 10 10 52
11 10 10 11 12 11 54
12 17 15 13 10 10 65
11 11 11 10 10 15 57
11 11 14 11 10 12 58
10 13 11 10 12 11 57
12 10 10 11 10 10 51
10 10 10 11 12 10 53
10 11 10 10 12 10 53
10 10 10 11 13 10 54
11 10 11 10 10 14 55
13 10 10 10 10 10 50
12 10 10 11 12 10 53
11 11 10 12 10 10 53
10 11 10 11 10 10 52
10 10 10 15 10 10 55
10 10 10 10 10 10 50
10 11 10 10 12 10 53
10 12 10 10 10 10 52
14 10 10 10 11 11 52
14 11 14 10 10 11 56
10 11 10 10 10 10 51
12 10 10 14 10 11 55
12 10 10 10 11 10 51
14 10 10 10 10 10 50
10 10 11 11 11 10 53
10 13 13 13 10 10 59
12 10 11 12 12 10 55
13 11 11 11 13 10 56
12 12 11 10 10 11 54
10 10 11 11 11 10 53
10 10 13 10 13 13 59
11 10 10 10 12 10 52
12 10 10 11 10 10 51
10 10 10 10 10 12 52
10 10 12 11 13 11 57
10 12 11 12 10 12 57
10 10 12 10 11 13 56
12 10 10 10 11 12 53
15 11 10 10 11 10 52
10 14 11 11 11 11 58
10 11 13 11 10 10 55
12 10 10 12 11 15 58
10 11 10 10 10 11 52
11 16 13 11 11 11 62
10 11 11 10 10 12 54
11 16 11 10 10 13 60
11 11 10 13 10 12 56
10 11 11 10 10 10 52
11 10 10 11 12 11 54
10 10 13 11 12 11 57
10 14 13 10 13 10 60
12 10 11 10 12 10 53
11 11 10 10 10 11 52
10 10 12 10 10 10 52
13 10 11 11 10 11 53
11 10 10 10 11 11 52
11 10 13 10 10 10 53
10 10 12 12 14 10 58
11 10 15 17 12 10 64
11 10 10 11 13 10 54
11 15 11 10 10 10 56
10 11 10 11 12 10 54
12 11 13 10 10 11 55
11 11 10 10 13 10 54
10 12 10 14 11 10 57
12 10 14 12 11 12 59
11 14 10 10 10 12 56
14 10 16 12 10 10 58
10 10 11 10 11 10 52
11 10 14 10 11 10 55
10 12 11 10 11 14 58
10 10 12 10 12 11 55
11 10 10 10 10 10 50
11 10 10 10 10 10 50
10 11 10 11 12 10 54
10 12 10 10 11 10 53
10 10 10 10 10 10 50
10 10 10 12 10 10 52
12 10 10 10 10 10 50
15 11 10 11 10 11 53
10 10 10 11 10 10 51
11 10 11 11 11 12 55
11 11 14 10 11 11 57
10 12 11 10 10 12 55
10 14 10 10 11 10 55
10 10 10 13 11 12 56
10 12 10 14 10 13 59
11 10 11 11 11 10 53
10 10 10 10 10 11 51
10 12 12 10 10 10 54
10 10 10 11 12 10 53
10 11 10 11 12 10 54
10 10 10 10 12 11 53
10 10 10 12 10 17 59
10 10 13 10 14 12 59
11 11 10 12 11 10 54
10 10 15 19 10 10 64
12 11 11 10 11 10 53
10 11 15 10 10 11 57
11 10 11 10 10 10 51
10 12 10 10 11 10 53
10 10 11 10 14 15 60
10 11 12 10 11 11 55
15 10 10 11 10 15 56
11 11 12 11 12 10 56
12 11 10 13 13 10 57
11 10 11 11 13 14 59
10 10 10 13 10 10 53
10 10 11 11 12 10 54
12 10 14 14 10 10 58
11 10 10 10 11 10 51
10 10 17 12 10 11 60
10 12 10 10 10 11 53
10 12 12 10 10 13 57
10 10 11 10 10 13 54
13 11 10 12 10 10 53
10 10 10 10 15 14 59
10 10 11 10 10 12 53
10 15 10 11 10 11 57
12 10 10 11 10 11 52
16 10 10 12 10 12 54
10 10 10 10 12 10 52
11 11 10 10 11 10 52
10 14 10 11 10 10 55
12 11 10 14 12 11 58
11 10 11 12 10 11 54
10 15 14 11 10 10 60
13 14 10 11 12 10 57
10 12 17 10 13 10 62
10 10 10 13 10 11 54
11 10 10 10 11 15 56
10 11 11 10 16 10 58
11 10 11 11 12 11 55
10 10 10 10 11 10 51
12 10 10 11 12 10 53
10 11 11 10 12 10 54
10 10 14 10 10 11 55
13 10 13 10 11 11 55
10 13 13 10 14 10 60
10 15 10 10 10 10 55
11 10 10 10 13 15 58
10 10 10 10 12 10 52
10 11 10 11 13 11 56
12 12 12 11 10 10 55
13 12 11 14 11 12 60
10 10 11 11 10 12 54
10 11 11 14 11 10 57
11 13 12 11 10 10 56
12 12 10 10 11 10 53
12 18 11 10 13 10 62
10 17 10 12 10 10 59
12 10 15 14 10 10 59
10 11 11 10 10 13 55
13 11 10 15 11 11 58
13 10 10 14 10 10 54
10 10 10 10 10 10 50
10 12 11 10 10 14 57
12 10 11 10 10 10 51
12 10 10 10 10 10 50
13 15 13 11 13 10 62
10 12 10 12 10 11 55
10 13 12 10 12 13 60
10 14 12 11 11 12 60
10 10 10 10 10 10 50
10 10 10 10 10 12 52
12 11 13 10 11 10 55
11 10 14 16 12 10 62
10 11 10 10 12 13 56
10 10 10 12 12 11 55
11 11 10 11 10 10 52
13 11 12 11 13 11 58
10 14 10 12 10 16 62
11 10 10 10 12 11 53
10 11 10 15 10 10 56
10 10 11 11 11 10 53
15 11 10 13 11 11 56
11 10 10 11 10 10 51
11 10 10 12 16 10 58
11 15 14 10 11 10 60
10 12 16 10 12 10 60
10 11 12 12 14 13 62
13 11 12 11 11 12 57
10 10 11 11 10 10 52
12 10 10 13 12 10 55
15 10 11 10 10 10 51
10 12 10 14 10 10 56
11 10 12 12 10 10 54
10 10 11 11 11 12 55
12 10 13 11 12 10 56
10 11 12 13 10 15 61
10 13 13 10 11 13 60
10 10 13 10 13 11 57
11 10 11 13 10 12 56
10 13 10 11 12 11 57
11 10 12 11 14 10 57
12 13 11 10 10 11 55
10 10 11 10 10 10 51
10 16 11 10 10 11 58
11 10 10 12 10 12 54
13 11 10 10 10 11 52
10 10 10 11 10 13 54
11 13 10 10 13 11 57
14 11 11 10 10 10 52
11 13 11 10 10 11 55
13 11 10 12 11 13 57
13 10 11 13 11 10 55
10 15 10 10 11 10 56
10 12 11 10 10 10 53
12 10 13 11 10 11 55
10 13 10 10 11 11 55
12 11 10 13 11 10 55
11 10 10 11 13 10 54
10 12 12 10 12 10 56
10 12 10 10 19 12 63
10 10 22 12 11 16 71
10 10 11 10 11 13 55
10 12 10 11 10 10 53
10 17 10 10 14 11 62
12 10 10 10 10 11 51
15 10 10 12 10 11 53
10 10 10 10 10 10 50
11 11 10 10 15 10 56
10 10 10 10 10 11 51
10 11 15 10 10 10 56
13 11 12 13 10 10 56
10 10 11 10 10 10 51
11 10 11 10 10 10 51
10 10 11 12 12 10 55
10 11 10 13 11 11 56
10 12 17 10 16 10 65
10 12 10 12 10 10 54
10 10 11 12 14 11 58
10 11 10 11 10 10 52
10 14 10 12 10 12 58
11 11 10 11 10 11 53
11 11 11 11 10 10 53
10 10 10 10 13 10 53
10 13 11 11 10 12 57
10 10 10 12 10 12 54
12 10 11 15 11 10 57
10 10 11 10 11 11 53
10 10 11 10 10 10 51
10 11 12 10 10 10 53
11 13 10 12 10 12 57
10 11 10 13 10 11 55
10 11 10 10 10 12 53
11 12 13 10 11 10 56
11 10 10 12 10 10 52
11 10 12 12 12 13 59
10 17 10 10 10 10 57
12 10 13 12 10 10 55
12 11 13 12 10 10 56
17 10 11 11 12 10 54
11 10 10 11 11 11 53
11 10 10 11 10 10 51
11 10 13 11 11 11 56
10 11 10 12 10 11 54
11 11 11 11 12 10 55
10 14 12 10 14 10 60
10 11 10 12 11 14 58
12 10 11 10 10 11 52
10 10 12 12 13 11 58
10 10 11 13 10 10 54
10 10 10 12 10 10 52
17 14 11 10 11 10 56
13 10 12 13 10 10 55
10 10 12 10 12 10 54
11 11 10 12 10 10 53
10 13 10 11 10 12 56
10 11 10 11 11 12 55
11 10 10 12 10 10 52
12 10 11 14 11 10 56
14 10 12 10 12 10 54
10 11 10 10 10 10 51
10 10 11 12 10 11 54
12 15 15 10 10 10 60
10 12 11 11 10 11 55
11 11 11 10 19 11 62
10 11 10 11 11 10 53
14 14 11 10 10 10 55
10 11 12 11 10 10 54
10 10 13 12 10 12 57
11 10 10 11 10 12 53
10 10 11 13 14 10 58
10 12 10 10 12 10 54
12 10 11 11 10 12 54
10 11 12 17 14 10 64
11 11 11 11 10 11 54
15 11 11 12 12 10 56
10 11 10 10 17 10 58
11 11 15 10 10 10 56
10 10 11 11 10 10 52
11 11 11 10 10 11 53
10 11 13 12 10 11 57
10 10 10 10 10 11 51
12 11 10 10 10 10 51
11 12 11 11 10 12 56
10 10 14 11 11 11 57
11 11 12 10 10 10 53
10 12 15 12 12 10 61
10 10 17 10 11 10 58
10 11 11 10 10 11 53
11 11 10 10 10 12 53
10 11 11 10 10 12 54
10 11 10 10 13 13 57
11 10 12 11 13 12 58
12 11 11 10 12 12 56
10 14 12 11 11 10 58
10 10 11 10 14 13 58
10 12 12 10 11 11 56
12 11 11 11 10 10 53
10 10 11 10 10 11 52
16 10 10 11 10 11 52
10 12 11 10 10 11 54
12 12 11 11 10 11 55
10 13 10 10 10 10 53
11 10 11 10 10 11 52
10 11 11 10 10 11 53
10 10 11 10 10 10 51
12 19 10 10 10 10 59
10 10 10 13 10 11 54
11 10 11 13 10 12 56
10 10 10 10 12 10 52
11 13 11 12 11 10 57
10 11 10 11 11 10 53
11 10 12 10 10 11 53
10 11 10 10 10 15 56
10 10 10 18 10 11 59
16 10 14 11 14 10 59
10 11 14 11 10 16 62
11 11 11 10 12 10 54
16 15 11 10 10 12 58
10 13 10 12 12 10 57
10 10 10 11 11 11 53
11 10 10 10 10 10 50
10 14 10 14 12 11 61
10 10 10 11 10 10 51
12 11 10 10 15 10 56
10 11 11 10 10 14 56
10 11 10 10 11 12 54
10 11 11 11 10 10 53
10 10 11 16 11 10 58
11 11 12 10 11 12 56
10 13 10 10 14 10 57
10 10 11 11 11 10 53
10 12 10 10 10 10 52
11 12 10 10 10 15 57
10 11 11 10 13 11 56
10 10 10 10 10 10 50
10 10 10 10 11 13 54
11 14 11 16 10 11 62
10 10 12 10 10 16 58
10 10 10 10 10 11 51
12 10 10 11 11 16 58
14 10 12 17 11 11 61
12 10 12 10 11 10 53
10 10 10 10 11 11 52
11 11 10 11 10 11 53
11 10 10 11 10 10 51
13 11 11 10 11 10 53
10 10 10 10 10 10 50
12 10 10 10 12 10 52
10 17 12 11 10 10 60
12 14 11 13 10 11 59
10 10 11 12 13 11 57
11 11 10 10 11 10 52
10 12 12 15 12 10 61
11 10 10 10 13 10 53
11 12 10 10 10 14 56
11 10 10 10 10 13 53
11 10 11 14 10 14 59
10 10 10 14 10 11 55
12 10 11 10 11 10 52
10 10 12 11 10 10 53
11 10 11 10 11 15 57
11 10 11 13 11 10 55
14 11 11 10 10 10 52
10 10 14 10 13 13 60
10 11 10 11 11 10 53
10 11 10 10 11 12 54
10 10 11 10 11 11 53
11 11 11 10 11 13 56
10 13 10 10 10 14 57
13 13 10 10 12 10 55
11 12 11 10 13 11 57
10 13 14 10 10 10 57
12 13 10 11 13 10 57
11 10 11 10 11 10 52
10 10 10 12 16 11 59
10 13 11 11 11 11 57
14 10 10 10 10 10 50
12 10 10 10 10 11 51
10 10 10 10 11 10 51
10 11 10 10 10 10 51
11 11 10 10 13 10 54
10 10 10 13 10 10 53
13 11 11 11 11 10 54
10 10 10 13 11 10 54
10 10 11 10 10 10 51
11 16 11 10 12 10 59
10 10 10 10 10 11 51
13 18 10 10 11 12 61
10 11 12 10 11 10 54
11 10 15 13 11 10 59
11 10 10 11 13 12 56
12 10 10 11 11 10 52
14 14 10 10 11 11 56
10 11 10 13 10 10 54
11 13 10 14 12 11 60
13 10 13 11 10 11 55
11 10 11 10 10 10 51
10 10 11 10 10 10 51
11 10 10 12 11 11 54
11 14 11 12 12 12 61
11 11 10 12 10 10 53
13 10 10 10 10 15 55
11 11 10 16 11 10 58
10 13 12 11 10 11 57
10 11 14 11 14 11 61
11 15 12 10 10 12 59
10 12 10 10 12 14 58
12 10 10 10 10 12 52
16 12 10 11 12 10 55
10 10 12 10 12 10 54
10 10 14 10 11 10 55
11 13 11 11 10 10 55
10 10 10 12 10 10 52
10 10 10 11 11 14 56
10 17 10 11 10 14 62
10 11 11 11 10 11 54
10 10 11 12 11 12 56
15 10 11 15 11 10 57
10 11 12 10 10 10 53
12 10 11 10 10 11 52
11 12 11 13 10 10 56
11 10 10 11 10 10 51
10 10 10 10 10 10 50
10 10 11 11 10 10 52
11 10 10 10 15 10 55
12 11 11 10 12 11 55
11 10 11 10 10 11 52
11 16 10 11 10 13 60
12 12 13 10 11 10 56
10 10 10 11 10 10 51
10 10 10 11 13 14 58
10 11 11 12 10 14 58
11 10 10 10 12 11 53
13 11 10 10 10 10 51
11 10 10 11 10 11 52
10 10 13 10 10 10 53
10 10 10 10 12 10 52
11 10 14 10 10 12 56
11 10 12 11 10 12 55
10 10 12 12 10 10 54
12 11 16 10 14 10 61
11 11 12 11 19 10 63
12 10 10 10 11 10 51
10 11 10 10 13 10 54
11 10 10 11 10 11 52
14 10 14 11 11 12 58
10 12 10 11 10 10 53
11 10 10 18 10 11 59
11 10 10 10 10 11 51
10 10 10 10 10 15 55
13 10 16 10 15 11 62
12 10 10 14 11 10 55
12 12 10 10 10 11 53
10 11 10 10 12 12 55
11 10 11 10 12 18 61
11 14 10 12 12 16 64
11 10 10 11 11 10 52
11 10 10 11 10 10 51
11 11 10 10 11 10 52
12 10 13 10 12 13 58
10 10 10 10 12 11 53
15 11 10 11 10 10 52
10 10 13 11 12 10 56
11 13 12 10 10 10 55
14 10 10 11 13 12 56
10 10 11 11 10 11 53
10 13 12 11 10 10 56
10 10 10 12 10 10 52
15 10 10 13 10 10 53
10 11 10 10 12 10 53
11 10 11 10 13 12 56
10 10 11 11 10 10 52
10 10 10 10 10 11 51
10 13 10 10 11 10 54
10 10 10 12 12 11 55
11 10 10 11 10 10 51
12 12 12 12 10 10 56
10 10 11 10 10 11 52
12 10 12 11 11 12 56
11 10 10 10 14 10 54
11 11 11 10 10 10 52
10 13 12 10 10 11 56
16 10 10 11 14 11 56
13 10 10 10 13 10 53
16 10 10 11 10 12 53
10 10 11 10 11 12 54
10 10 10 11 12 11 54
13 11 11 10 12 10 54
11 10 12 10 13 11 56
12 11 10 10 10 12 53
11 10 10 11 10 11 52
10 11 11 11 11 10 54
10 11 11 12 10 11 55
10 12 10 10 10 11 53
13 13 10 10 14 10 57
10 12 11 10 10 10 53
10 10 12 13 11 10 56
11 10 11 10 10 11 52
12 14 10 10 11 10 55
10 10 10 12 11 10 53
11 11 10 10 15 10 56
10 10 10 17 12 10 59
13 12 10 13 11 10 56
10 10 10 10 10 10 50
11 13 10 11 10 11 55
10 11 10 12 10 10 53
10 10 13 10 10 10 53
13 13 12 10 10 11 56
10 13 10 10 10 11 54
10 11 12 10 11 14 58
14 10 17 10 11 11 59
10 12 10 13 11 10 56
10 10 10 10 10 11 51
10 11 10 11 11 11 54
13 12 12 10 14 10 58
10 10 13 10 10 10 53
12 11 13 11 10 13 58
10 11 10 10 10 13 54
15 10 11 11 10 10 52
11 10 10 10 10 13 53
11 10 11 10 11 10 52
13 10 11 11 10 12 54
10 10 10 10 12 10 52
11 10 11 10 10 11 52
11 12 13 12 10 11 58
10 12 10 10 10 12 54
10 10 10 10 22 10 62
10 11 10 13 16 16 66
11 11 10 10 11 11 53
11 10 11 13 10 10 54
10 15 10 10 12 10 57
10 13 12 10 10 10 55
11 10 11 11 11 10 53
12 10 13 10 10 12 55
15 10 12 10 10 10 52
11 10 14 10 13 10 57
10 13 10 11 10 11 55
10 10 11 10 12 10 53
10 10 11 13 10 13 57
11 11 13 10 10 10 54
12 10 11 10 11 11 53
10 11 12 10 12 11 56
13 10 12 11 10 12 55
10 10 10 10 11 10 51
10 10 13 10 11 14 58
10 10 10 13 10 24 67
10 10 12 11 11 12 56
11 10 11 10 10 18 59
10 10 11 10 10 11 52
12 14 13 11 11 13 62
14 10 12 15 12 10 59
10 10 10 10 10 10 50
10 11 10 10 10 11 52
13 11 12 12 10 14 59
10 10 11 10 11 10 52
11 10 10 11 10 12 53
10 10 10 10 12 10 52
12 14 11 12 10 10 57
10 11 10 12 11 10 54
13 10 10 10 11 10 51
10 11 10 10 10 10 51
11 11 10 10 10 10 51
10 10 10 14 12 11 57
10 11 13 10 11 10 55
11 10 10 11 10 11 52
10 10 11 11 11 11 54
11 11 10 10 10 10 51
10 10 11 10 10 10 51
13 12 11 11 10 10 54
10 10 10 10 11 12 53
10 12 10 10 11 11 54
10 10 10 11 10 10 51
11 11 10 11 10 11 53
10 10 11 10 10 14 55
14 10 10 11 10 13 54
10 11 10 13 11 11 56
10 10 13 10 11 11 55
10 10 10 10 10 10 50
10 14 10 12 12 11 59
12 17 17 14 10 11 69
10 10 10 12 12 12 56
10 10 10 10 10 12 52
10 11 10 10 12 11 54
11 11 10 10 11 12 54
12 10 11 12 12 12 57
11 10 10 12 12 10 54
11 11 10 11 12 10 54
12 12 11 12 13 11 59
10 10 10 11 12 10 53
11 15 10 11 10 10 56
10 11 10 11 10 13 55
11 10 10 16 11 11 58
11 13 11 10 12 10 56
11 14 13 10 13 10 60
10 13 11 10 15 10 59
10 10 10 11 11 14 56
10 11 13 11 10 13 58
10 10 11 10 10 12 53
10 12 10 10 11 10 53
13 10 11 17 11 11 60
10 10 13 12 12 10 57
11 11 11 10 13 10 55
12 11 11 10 11 10 53
12 10 10 10 10 12 52
10 14 11 10 14 11 60
10 11 13 12 10 13 59
10 12 12 11 10 10 55
13 10 11 14 10 11 56
11 11 10 10 12 10 53
10 10 11 10 11 11 53
10 11 10 10 10 11 52
13 10 10 10 10 10 50
10 11 12 10 11 10 54
10 10 12 10 14 11 57
10 14 11 12 11 15 63
11 10 11 11 10 12 54
11 10 12 14 12 11 59
10 11 10 11 10 10 52
11 12 10 11 10 14 57
11 11 10 10 16 11 58
10 12 10 11 10 10 53
12 10 11 12 10 10 53
12 11 11 10 15 10 57
11 13 10 17 10 10 60
10 12 10 10 10 10 52
10 10 11 14 10 13 58
10 10 12 10 15 12 59
11 11 10 10 10 12 53
10 11 11 10 12 13 57
10 10 10 11 10 11 52
10 13 10 15 13 10 61
11 10 12 10 11 15 58
10 11 10 10 11 10 52
13 10 11 10 10 10 51
10 10 10 11 12 10 53
10 10 16 11 12 10 59
11 10 11 10 10 15 56
11 13 10 11 11 10 55
11 10 10 14 10 10 54
11 11 10 13 10 10 54
10 12 10 10 12 10 54
10 13 10 12 10 10 55
10 11 10 10 10 12 53
10 12 10 11 11 10 54
10 12 10 10 13 10 55
11 10 14 10 11 11 56
10 10 12 11 15 10 58
10 10 10 10 13 10 53
11 11 16 10 11 10 58
10 11 10 15 11 11 58
10 11 11 10 10 11 53
15 10 10 10 10 10 50
12 12 11 16 10 12 61
17 11 10 14 11 10 56
14 10 11 10 11 10 52
11 10 10 10 10 10 50
10 10 11 10 10 10 51
10 10 11 10 10 14 55
10 10 12 11 10 11 54
10 11 12 12 10 10 55
12 10 11 13 13 10 57
10 10 11 10 18 12 61
12 11 10 10 10 12 53
12 12 10 12 13 10 57
10 13 11 10 10 10 54
12 16 11 13 13 10 63
19 10 10 11 10 11 52
10 11 11 12 10 10 54
12 10 10 10 11 13 54
12 12 10 10 16 12 60
10 10 10 10 10 10 50
10 11 10 12 10 10 53
10 10 10 13 10 11 54
10 11 14 14 10 10 59
11 10 12 10 13 10 55
10 10 12 10 12 12 56
11 12 12 10 11 10 55
13 10 10 11 10 10 51
10 12 11 11 13 12 59
10 13 10 10 10 13 56
14 10 10 10 11 10 51
10 12 11 10 10 10 53
13 10 10 12 10 10 52
11 10 13 11 11 10 55
11 10 12 10 11 10 53
10 10 10 11 10 14 55
12 10 10 13 14 10 57
10 10 10 12 10 10 52
10 10 11 10 10 10 51
10 12 13 10 11 11 57
11 10 10 10 11 15 56
10 11 10 11 10 10 52
10 10 10 11 12 11 54
10 13 11 10 10 11 55
10 12 12 11 14 12 61
15 10 11 10 10 11 52
10 10 10 10 12 13 55
12 10 10 11 10 10 51
10 12 10 10 11 10 53
11 10 10 14 13 11 58
10 10 11 10 12 14 57
13 11 10 10 10 10 51
12 11 11 10 10 10 52
13 15 12 11 10 10 58
12 10 14 10 11 10 55
12 10 12 13 10 11 56
13 10 13 11 11 12 57
11 13 10 11 10 10 54
11 10 10 12 12 10 54
10 13 12 10 11 10 56
10 10 13 10 10 10 53
10 11 11 10 10 12 54
10 10 10 11 10 11 52
11 11 10 10 10 11 52
10 10 12 10 10 10 52
10 11 12 11 11 10 55
12 11 11 10 10 12 54
10 11 11 11 10 10 53
10 10 10 12 14 11 57
12 10 14 13 11 10 58
11 11 10 12 10 11 54
10 12 13 10 11 12 58
11 10 12 11 13 11 57
10 11 11 13 10 11 56
11 10 12 10 11 11 54
10 15 13 10 11 10 59
11 12 11 10 11 11 55
11 10 10 10 12 12 54
10 10 10 10 10 10 50
10 14 10 13 12 10 59
10 10 11 11 10 12 54
12 11 10 11 10 16 58
13 11 10 12 10 10 53
10 14 10 10 10 12 56
10 10 11 10 11 10 52
11 10 13 12 10 10 55
11 10 10 10 13 13 56
12 11 11 10 10 12 54
11 12 11 10 10 14 57
11 10 11 10 11 11 53
12 11 11 11 11 12 56
11 10 11 11 12 10 54
10 10 10 10 16 10 56
10 11 12 10 10 10 53
10 12 11 10 12 11 56
10 10 10 10 10 11 51
10 10 15 11 11 15 62
10 11 10 16 12 11 60
10 15 10 11 10 10 56
10 12 11 11 11 10 55
10 12 10 10 17 14 63
12 10 11 12 11 11 55
10 13 14 10 10 10 57
11 11 11 10 10 11 53
10 10 11 10 10 10 51
13 11 11 10 11 10 53
10 14 13 10 10 16 63
10 12 10 10 10 12 54
12 10 10 10 11 13 54
10 10 10 13 10 10 53
11 12 10 10 11 11 54
11 10 16 10 10 11 57
11 12 10 15 10 10 57
10 10 14 13 10 12 59
16 14 12 10 10 10 56
11 12 11 10 10 12 55
11 11 12 10 10 12 55
10 12 11 11 10 13 57
10 10 12 10 13 12 57
12 13 11 12 10 10 56
16 10 10 10 11 12 53
11 10 15 11 11 11 58
10 10 10 15 10 10 55
13 10 10 10 10 15 55
11 11 13 11 15 10 60
11 10 11 14 13 10 58
10 10 11 11 12 10 54
10 10 10 10 10 11 51
10 11 10 10 16 10 57
10 10 10 10 10 10 50
11 13 12 10 12 11 58
11 12 10 10 10 14 56
10 10 13 11 10 11 55
10 11 13 10 12 14 60
10 19 11 10 10 10 60
12 10 10 11 11 10 52
10 10 10 12 10 10 52
12 11 10 10 10 10 51
11 10 14 10 11 12 57
10 11 12 13 10 10 56
10 12 11 12 10 10 55
12 10 12 16 11 14 63
11 12 10 11 10 10 53
14 10 10 10 10 10 50
10 10 10 11 13 10 54
10 10 11 11 10 11 53
11 10 10 12 11 10 53
13 10 11 11 11 10 53
10 10 11 11 10 10 52
11 12 13 11 10 10 56
10 10 10 10 10 11 51
10 10 10 10 10 13 53
10 13 10 10 14 16 63
11 11 12 11 11 10 55
10 13 10 11 14 14 62
12 11 10 10 14 13 58
10 10 11 10 10 12 53
12 10 10 10 10 13 53
16 12 11 13 12 10 58
10 12 11 10 13 14 60
12 12 10 11 11 10 54
10 11 13 11 11 11 57
13 11 10 10 13 13 57
10 12 10 10 11 10 53
12 11 10 12 11 10 54
10 15 12 11 15 10 63
10 11 11 14 12 10 58
10 10 10 10 10 12 52
12 11 10 10 10 11 52
11 10 10 11 10 13 54
10 10 10 10 10 17 57
11 12 10 13 12 10 57
13 11 10 11 11 10 53
13 12 10 12 12 10 56
11 13 11 10 13 10 57
11 10 13 11 10 12 56
11 11 10 10 12 10 53
12 13 11 10 12 10 56
14 11 10 12 11 10 54
12 10 12 13 10 13 58
11 10 10 10 15 11 56
10 10 10 10 13 11 54
13 12 11 14 13 10 60
11 13 11 10 12 10 56
12 10 12 11 10 11 54
12 10 12 12 11 10 55
10 13 10 14 10 10 57
12 11 10 10 10 11 52
10 11 12 12 10 12 57
11 11 10 10 11 12 54
10 11 10 10 10 10 51
10 10 10 10 12 11 53
11 10 12 13 12 11 58
11 16 10 10 18 10 64
11 11 12 10 12 12 57
10 10 14 10 10 10 54
10 11 15 10 12 13 61
11 10 14 10 11 10 55
10 10 10 15 10 10 55
10 10 10 10 10 11 51
11 10 10 12 12 11 55
10 10 11 10 10 11 52
10 11 11 12 11 12 57
11 13 10 10 10 11 54
10 10 11 10 11 10 52
11 10 14 11 11 11 57
10 10 10 12 11 13 56
11 10 11 10 10 10 51
11 10 11 10 10 10 51
12 11 13 12 16 11 63
11 12 10 10 10 12 54
10 11 10 12 12 10 55
10 10 10 10 10 10 50
10 12 11 10 11 10 54
15 11 11 11 10 11 54
11 10 10 10 13 10 53
10 10 11 10 14 10 55
10 11 11 11 10 11 54
12 12 10 11 11 10 54
10 11 12 10 13 12 58
10 10 11 10 11 11 53
10 10 11 10 12 12 55
12 11 19 11 11 11 63
10 10 12 11 10 11 54
10 10 12 11 11 10 54
11 10 10 11 10 15 56
10 10 10 10 10 13 53
11 10 11 10 10 11 52
11 10 10 13 10 10 53
11 10 10 11 10 11 52
10 10 12 10 11 11 54
11 11 11 11 13 11 57
10 10 10 10 10 12 52
11 12 10 10 11 11 54
10 10 10 10 14 10 54
10 13 12 10 10 12 57
11 10 12 10 11 12 55
10 10 11 10 11 14 56
13 11 11 10 10 10 52
10 10 12 10 10 11 53
10 11 14 11 10 11 57
10 12 11 10 10 10 53
10 12 10 10 13 10 55
15 10 11 10 10 13 54
10 12 13 12 10 10 57
10 10 11 13 10 10 54
16 10 10 10 12 10 52
10 11 11 11 10 10 53
12 11 10 10 11 10 52
10 10 12 10 10 10 52
11 11 10 14 11 11 57
10 10 13 14 13 10 60
18 10 10 10 12 10 52
10 13 10 10 12 10 55
12 11 10 10 10 10 51
10 10 13 10 12 10 55
10 10 10 10 12 11 53
12 16 10 11 10 13 60
12 10 10 11 10 10 51
11 10 11 10 10 11 52
12 10 10 10 10 10 50
12 12 11 12 10 13 58
10 14 10 11 11 10 56
11 10 10 12 12 10 54
11 11 10 10 12 10 53
11 11 11 10 10 10 52
17 10 11 10 11 12 54
10 10 11 10 10 10 51
11 11 10 10 10 10 51
13 11 11 10 10 10 52
11 16 11 11 11 10 59
12 10 10 13 12 11 56
10 10 12 10 11 10 53
10 10 10 10 10 11 51
12 10 12 10 11 12 55
12 11 10 11 11 10 53
15 11 10 10 10 10 51
10 13 16 10 10 10 59
10 16 10 10 14 10 60
13 12 10 11 10 11 54
11 10 12 11 11 11 55
11 10 12 12 10 10 54
10 10 10 10 10 15 55
14 13 12 10 10 10 55
10 11 10 10 10 10 51
12 10 14 10 10 11 55
10 12 10 10 10 11 53
11 11 10 10 10 11 52
11 10 10 10 10 10 50
11 10 10 13 12 10 55
12 12 11 10 12 10 55
11 10 11 10 11 14 56
10 10 11 11 11 10 53
10 10 10 10 13 10 53
10 10 11 10 11 11 53
10 15 12 11 10 11 59
14 12 12 10 10 10 54
10 12 12 10 14 10 58
11 12 13 11 12 11 59
10 10 10 13 10 10 53
11 12 11 11 10 12 56
11 10 10 11 10 14 55
10 10 13 13 11 10 57
10 10 11 11 10 10 52
12 11 11 10 10 11 53
10 11 14 13 11 12 61
13 12 10 11 10 10 53
11 10 13 10 14 10 57
14 12 10 15 10 12 59
13 10 11 10 10 12 53
11 10 10 10 10 11 51
11 11 10 10 10 10 51
16 10 10 10 10 13 53
10 11 10 11 10 12 54
11 10 10 12 10 10 52
15 12 10 13 11 10 56
12 10 10 10 10 10 50
12 10 11 10 12 10 53
10 11 10 13 11 10 55
10 11 11 13 10 11 56
10 11 10 10 14 11 56
10 11 12 11 12 10 56
10 10 10 12 10 10 52
10 10 11 12 11 11 55
11 10 12 14 10 11 57
10 10 10 11 11 11 53
10 10 12 11 10 11 54
12 10 10 11 10 10 51
10 10 10 10 11 11 52
10 10 10 10 10 11 51
13 10 10 10 18 10 58
10 10 11 10 11 10 52
13 10 11 11 14 10 56
10 12 11 10 10 11 54
12 10 13 14 10 10 57
11 12 10 10 10 10 52
10 11 10 12 12 10 55
10 13 10 10 10 11 54
11 11 10 11 10 10 52
10 10 11 11 10 10 52
10 12 11 10 10 12 55
10 10 11 10 10 12 53
11 10 12 11 11 10 54
11 10 10 10 10 13 53
13 12 10 11 10 12 55
11 11 10 11 10 11 53
11 10 14 11 10 11 56
15 12 12 10 10 10 54
10 10 10 10 11 10 51
12 11 14 11 12 10 58
10 12 11 11 11 10 55
11 15 14 10 13 13 65
13 10 11 12 12 11 56
10 11 10 10 10 10 51
14 10 12 10 10 12 54
10 10 12 13 10 12 57
12 13 11 10 11 10 55
10 10 11 20 10 11 62
10 12 10 12 10 10 54
10 10 10 10 10 10 50
11 12 10 10 10 11 53
12 10 11 10 12 10 53
11 10 10 10 12 10 52
12 10 10 13 11 10 54
10 11 11 13 10 17 62
10 11 10 10 12 14 57
10 13 10 10 10 12 55
10 11 10 12 10 11 54
11 10 10 10 11 10 51
10 10 11 11 10 10 52
10 11 10 11 10 12 54
10 10 11 10 11 10 52
11 12 13 11 11 11 58
10 11 10 11 10 10 52
10 11 10 10 12 12 55
10 11 10 11 15 11 58
11 11 10 10 12 12 55
11 12 11 10 10 10 53
11 10 11 10 10 11 52
10 12 12 10 10 11 55
10 10 10 10 10 10 50
10 11 10 10 10 10 51
12 11 11 13 10 10 55
12 11 10 10 11 12 54
12 12 11 10 11 10 54
12 14 19 11 10 10 64
10 10 11 11 10 12 54
11 10 10 10 10 10 50
11 12 14 10 11 11 58
10 10 16 11 11 15 63
11 12 11 10 12 11 56
10 11 10 11 15 10 57
10 10 12 10 10 10 52
10 12 12 10 10 10 54
10 15 10 10 12 11 58
10 10 10 11 10 12 53
10 10 11 12 12 12 57
10 11 10 13 12 10 56
10 10 10 10 10 11 51
10 10 11 10 12 10 53
10 11 11 10 10 10 52
10 11 10 11 12 10 54
10 10 10 11 10 10 51
14 12 11 10 11 10 54
10 11 10 16 11 10 58
10 11 13 10 10 11 55
10 12 11 11 10 10 54
10 10 10 18 11 10 59
11 10 11 13 10 11 55
11 10 10 10 10 10 50
14 10 13 10 10 11 54
10 10 11 10 11 12 54
11 11 10 10 10 10 51
10 11 10 13 10 13 57
10 16 10 11 10 10 57
10 10 11 11 11 11 54
17 10 10 11 11 11 53
11 10 10 10 11 10 51
12 11 10 10 11 14 56
11 10 10 10 10 11 51
14 12 11 11 12 14 60
12 10 12 10 11 10 53
10 10 11 11 11 12 55
11 10 10 10 10 11 51
11 10 13 10 10 14 57
10 15 11 14 10 11 61
10 11 12 10 12 10 55
11 11 11 19 10 11 62
10 11 13 12 11 10 57
10 11 10 10 10 11 52
14 10 10 10 10 15 55
12 12 10 10 11 10 53
11 11 11 10 11 10 53
10 10 14 10 10 11 55
10 11 11 10 15 10 57
10 11 12 10 10 12 55
11 10 12 10 10 10 52
13 10 11 10 10 10 51
10 11 11 10 12 10 54
11 10 14 12 10 10 56
10 11 10 13 10 14 58
10 10 14 13 11 10 58
10 12 12 11 13 11 59
10 10 15 11 10 10 56
10 10 10 11 10 10 51
10 11 12 10 11 10 54
10 10 10 11 10 11 52
11 10 11 11 10 10 52
11 13 10 10 12 10 55
10 11 15 10 13 10 59
10 11 15 11 10 12 59
10 10 11 12 14 10 57
10 10 10 10 10 10 50
12 11 10 12 13 10 56
12 10 13 12 20 11 66
10 10 10 10 11 10 51
10 11 10 10 10 13 54
11 10 12 12 10 14 58
10 10 10 11 10 10 51
10 10 12 11 10 10 53
10 11 10 10 10 10 51
10 13 13 10 10 10 56
13 10 11 13 13 10 57
11 13 11 13 11 10 58
10 13 10 10 13 11 57
10 11 13 10 11 11 56
11 13 10 10 12 16 61
10 10 10 11 10 10 51
11 10 12 10 12 11 55
10 10 12 10 10 13 55
13 10 10 10 15 10 55
13 12 10 10 11 10 53
10 15 10 12 10 11 58
11 12 10 13 11 10 56
14 10 12 11 11 11 55
10 11 10 10 11 10 52
10 10 11 11 15 10 57
10 10 12 12 12 10 56
10 11 10 11 10 11 53
14 12 10 12 10 11 55
10 11 10 13 12 11 57
11 11 10 10 10 11 52
10 11 13 10 10 11 55
10 10 14 13 11 10 58
12 10 14 10 14 14 62
11 10 10 10 12 11 53
13 11 10 10 10 11 52
10 12 10 10 10 10 52
10 10 10 10 10 11 51
11 14 12 12 10 10 58
11 11 11 10 10 11 53
10 11 12 10 10 11 54
10 10 11 11 10 11 53
11 10 10 10 10 11 51
10 10 12 14 11 10 57
13 10 10 11 10 10 51
10 12 10 10 12 11 55
11 10 10 12 17 10 59
11 10 11 13 11 11 56
10 10 11 10 10 11 52
10 10 12 10 12 12 56
10 16 11 11 11 12 61
10 11 10 10 18 10 59
10 12 10 10 15 10 57
11 11 12 10 11 14 58
10 11 10 11 10 10 52
10 10 14 10 10 12 56
10 10 11 10 11 10 52
10 10 11 14 10 13 58
10 11 10 10 10 10 51
10 10 10 10 13 11 54
17 10 10 12 11 10 53
10 13 10 10 10 10 53
10 10 10 11 10 11 52
10 11 10 10 10 10 51
11 13 14 13 12 11 63
10 13 14 13 12 11 63
14 11 12 14 12 10 59
13 10 11 10 11 10 52
10 10 13 10 13 10 56
10 10 10 12 13 14 59
11 12 11 10 10 10 53
10 11 10 10 11 12 54
10 11 10 15 11 14 61
15 10 11 10 11 11 53
10 10 14 21 10 12 67
10 11 11 11 10 11 54
11 13 11 11 12 13 60
11 11 10 10 10 10 51
12 13 10 13 12 10 58
10 13 10 10 11 10 54
10 10 11 10 10 10 51
13 10 10 11 11 11 53
10 10 11 10 10 11 52
10 10 10 11 12 15 58
12 10 15 11 10 11 57
11 11 11 11 10 10 53
11 11 10 11 10 10 52
11 11 11 10 10 11 53
12 10 12 10 11 12 55
14 11 11 11 14 10 57
10 10 10 10 10 10 50
10 13 13 10 11 10 57
13 10 10 10 11 10 51
10 10 11 12 10 13 56
10 11 14 12 10 10 57
11 10 10 10 12 13 55
10 11 10 10 12 16 59
10 11 10 10 11 10 52
14 11 11 10 11 11 54
10 10 10 11 10 11 52
12 10 10 12 10 10 52
11 12 12 11 10 10 55
10 10 10 10 10 11 51
10 10 10 13 11 12 56
10 11 10 18 13 10 62
12 10 10 11 10 10 51
10 10 12 11 10 13 56
15 13 10 13 11 11 58
12 10 10 12 12 10 54
10 10 10 11 10 11 52
12 10 12 10 11 10 53
10 11 12 12 10 17 62
10 13 11 10 10 10 54
11 10 11 11 10 10 52
14 13 10 11 10 13 57
17 12 10 13 11 10 56
11 10 11 12 13 10 56
13 11 10 10 12 10 53
10 10 10 12 12 10 54
10 10 10 12 10 13 55
10 15 10 10 10 10 55
10 10 10 11 10 10 51
13 10 10 17 10 15 62
14 11 10 10 10 11 52
10 13 10 17 11 12 63
11 10 12 10 10 10 52
11 10 10 11 12 10 53
12 10 12 12 10 10 54
10 10 10 10 12 15 57
10 10 13 10 10 10 53
10 12 10 10 13 11 56
17 10 14 10 13 10 57
12 10 10 11 13 10 54
10 10 11 12 13 10 56
14 10 11 11 14 10 56
11 10 10 14 11 11 56
10 11 10 13 10 10 54
10 11 12 10 10 10 53
11 10 10 10 10 12 52
10 13 10 10 11 10 54
13 10 10 13 11 11 55
12 10 11 10 10 11 52
10 10 12 10 10 10 52
12 11 13 10 10 12 56
10 10 10 10 10 10 50
10 11 11 15 11 11 59
11 10 10 10 12 11 53
10 12 12 12 10 11 57
13 10 11 10 10 11 52
11 13 10 10 11 10 54
10 11 10 10 17 11 59
10 11 11 10 14 12 58
10 10 10 11 17 11 59
10 10 11 11 10 11 53
10 12 10 10 12 10 54
10 11 10 10 11 10 52
12 10 10 12 10 10 52
15 10 10 12 10 13 55
12 10 11 13 13 10 57
10 13 12 10 12 12 59
10 14 10 12 10 10 56
11 13 10 10 13 11 57
10 10 11 10 11 11 53
10 10 11 13 12 10 56
11 12 12 15 12 10 61
10 10 10 14 10 11 55
11 11 11 10 11 11 54
12 10 10 10 10 10 50
10 10 11 11 15 10 57
10 12 11 11 11 10 55
10 10 11 11 11 10 53
11 10 10 12 11 10 53
10 10 12 11 10 11 54
12 11 10 11 10 10 52
11 12 10 10 10 10 52
14 11 12 17 10 16 66
12 10 10 11 12 10 53
11 12 10 10 10 10 52
10 10 10 11 10 11 52
10 13 10 12 10 10 55
10 10 10 12 10 12 54
10 10 10 10 11 10 51
10 10 10 11 13 11 55
10 10 11 13 13 10 57
11 12 11 11 10 12 56
10 10 12 10 11 12 55
12 10 10 11 13 10 54
10 12 11 15 12 10 60
11 10 12 15 10 11 58
11 10 12 10 11 12 55
14 12 12 11 10 10 55
12 10 10 11 11 13 55
10 10 10 10 11 10 51
13 11 11 13 10 10 55
10 11 12 12 10 12 57
10 11 12 10 11 10 54
12 10 12 11 11 10 54
12 11 12 11 11 13 58
11 13 11 10 10 10 54
14 11 10 11 10 10 52
15 11 11 10 10 11 53
11 11 10 10 10 10 51
13 12 16 12 11 10 61
10 11 10 10 12 10 53
10 10 18 10 10 15 63
11 10 12 15 10 10 57
10 12 10 12 10 11 55
12 14 11 10 10 13 58
11 15 10 12 12 10 59
13 13 10 10 11 10 54
10 17 10 12 11 13 63
10 10 10 10 10 11 51
10 10 11 10 11 12 54
12 12 10 10 10 10 52
10 11 10 12 10 12 55
10 11 10 10 11 15 57
11 10 12 10 10 13 55
12 10 12 10 10 11 53
13 10 11 10 10 13 54
11 10 11 13 11 10 55
10 10 11 11 10 11 53
10 10 10 11 10 10 51
11 14 11 12 10 10 57
11 11 10 10 12 12 55
10 11 10 10 11 10 52
11 11 11 11 10 10 53
10 12 10 10 10 10 52
10 10 11 10 13 12 56
10 11 10 10 10 15 56
13 11 14 14 12 10 61
10 14 12 10 10 11 57
10 10 10 10 10 11 51
10 11 14 10 10 10 55
10 12 11 10 11 10 54
10 10 10 10 10 10 50
13 10 10 16 10 11 57
11 11 10 15 16 12 64
15 13 10 12 10 10 55
12 10 10 10 10 10 50
11 15 11 17 11 12 66
10 13 11 10 10 11 55
11 10 11 11 13 13 58
11 10 11 11 10 10 52
11 15 10 12 11 14 62
10 11 11 10 13 11 56
10 14 10 11 10 11 56
10 12 10 12 10 12 56
10 10 10 10 10 10 50
10 11 12 10 10 10 53
12 10 11 10 10 10 51
13 10 10 10 13 10 53
12 10 12 10 10 11 53
10 11 10 12 10 10 53
11 10 10 10 10 10 50
10 11 11 14 11 10 57
17 11 12 10 10 10 53
10 10 10 10 10 10 50
11 10 10 15 12 10 57
10 10 13 10 10 12 55
10 13 10 11 11 12 57
12 13 15 10 12 10 60
10 22 10 10 10 11 63
11 12 10 10 10 14 56
12 10 14 11 11 11 57
10 10 13 11 12 11 57
10 10 10 13 10 12 55
10 11 10 11 10 11 53
11 12 12 10 12 11 57
11 10 12 10 11 10 53
13 10 10 10 10 11 51
11 12 10 10 12 12 56
10 10 12 10 14 10 56
13 11 11 10 10 11 53
10 13 12 10 10 10 55
10 10 10 11 10 10 51
13 12 11 10 10 10 53
10 12 10 11 10 10 53
10 10 10 10 11 12 53
10 11 11 10 10 10 52
10 10 10 11 10 10 51
12 10 11 10 10 11 52
11 10 11 10 12 10 53
14 12 10 11 11 10 54
12 17 10 10 10 11 58
10 11 10 11 10 10 52
10 13 10 10 11 10 54
10 10 11 10 10 10 51
11 13 11 11 10 10 55
10 11 10 11 11 10 53
11 10 11 10 11 11 53
12 10 10 10 10 13 53
12 11 12 11 10 10 54
10 11 10 12 12 10 55
12 10 11 10 10 10 51
10 11 13 13 13 11 61
10 10 10 10 12 11 53
14 13 10 10 13 11 57
11 11 11 10 10 10 52
10 11 10 11 10 11 53
11 10 11 10 10 15 56
11 11 10 11 10 10 52
11 10 12 10 14 10 56
11 10 12 13 10 10 55
10 10 11 13 12 10 56
10 10 10 11 11 11 53
12 10 10 11 11 12 54
10 17 11 15 12 11 66
11 10 10 11 10 12 53
10 10 10 10 12 10 52
11 11 15 10 13 10 59
11 10 12 17 11 10 60
10 16 11 10 10 15 62
10 12 10 13 10 15 60
10 10 10 11 10 11 52
10 10 11 10 12 10 53
10 10 11 13 12 13 59
16 10 11 10 11 10 52
13 10 10 10 10 10 50
10 12 10 13 12 10 57
11 11 10 13 10 10 54
10 14 11 11 11 10 57
11 10 12 11 11 11 55
10 10 11 12 10 10 53
11 12 11 10 11 15 59
11 10 11 13 10 10 54
10 12 10 10 10 11 53
11 10 11 10 10 12 53
10 10 11 10 10 10 51
12 10 11 14 12 10 57
11 11 11 10 10 12 54
10 11 10 11 14 10 56
10 12 12 11 12 10 57
13 10 11 10 10 10 51
16 11 10 10 14 12 57
10 11 11 10 17 10 59
13 10 10 10 11 13 54
11 11 12 10 10 11 54
10 10 14 11 10 10 55
10 10 13 10 14 11 58
13 10 10 10 10 10 50
10 10 10 11 11 11 53
10 10 12 11 10 10 53
11 10 10 12 12 10 54
12 10 10 10 11 12 53
10 10 10 12 10 11 53
11 11 11 10 10 11 53
10 10 10 11 11 11 53
11 11 10 13 10 10 54
11 12 10 10 10 10 52
10 11 10 10 10 11 52
10 10 10 10 12 13 55
10 10 10 11 12 11 54
12 15 10 11 10 11 57
12 12 11 12 11 10 56
12 10 11 11 12 11 55
10 10 10 16 13 10 59
10 12 10 10 10 10 52
10 10 10 14 12 11 57
10 17 11 11 12 10 61
11 12 15 10 11 11 59
10 12 17 10 11 10 60
13 12 10 12 12 10 56
13 10 11 14 10 10 55
12 13 10 12 11 11 57
10 12 12 10 10 10 54
10 10 10 11 10 10 51
11 16 10 10 10 12 58
12 11 10 10 11 17 59
11 13 10 14 10 10 57
13 11 12 10 10 10 53
10 10 13 10 10 11 54
10 10 10 10 10 10 50
13 10 14 12 10 14 60
10 10 11 13 15 17 66
10 14 10 11 10 10 55
10 13 10 13 10 17 63
10 11 10 10 11 10 52
10 10 10 10 12 11 53
11 10 10 10 13 10 53
12 12 10 13 18 10 63
10 10 10 10 13 10 53
10 11 10 10 13 10 54
16 13 10 12 16 12 63
11 12 18 10 13 10 63
10 10 10 11 12 10 53
11 13 12 10 16 11 62
10 10 10 13 10 11 54
10 14 12 12 10 10 58
10 10 11 11 10 10 52
16 12 12 11 10 12 57
11 10 10 10 15 12 57
10 11 10 10 13 11 55
11 17 10 11 10 10 58
10 11 13 10 14 12 60
12 10 10 12 10 12 54
11 10 10 14 10 10 54
11 11 11 12 10 10 54
16 10 10 10 12 10 52
10 11 13 10 12 11 57
10 10 15 10 13 12 60
13 14 12 13 10 10 59
10 12 12 10 15 12 61
11 10 11 11 10 10 52
10 11 11 10 13 12 57
13 11 11 14 10 10 56
10 11 11 10 11 10 53
11 10 10 10 10 12 52
11 10 12 13 10 10 55
11 10 11 14 11 11 57
12 11 10 10 12 10 53
10 12 10 10 10 10 52
16 11 10 11 14 11 57
10 10 10 12 14 13 59
13 11 13 12 11 10 57
11 11 10 10 11 12 54
11 10 10 11 11 15 57
10 13 11 10 10 13 57
10 16 10 12 10 10 58
12 11 10 11 13 11 56
10 10 10 10 11 10 51
12 11 10 10 13 13 57
11 14 12 11 11 17 65
10 11 12 13 14 13 63
10 12 11 10 11 11 55
11 10 10 10 12 12 54
12 10 14 10 10 11 55
12 11 11 12 13 16 63
14 12 10 10 10 12 54
10 10 10 12 10 15 57
10 10 12 11 11 10 54
10 13 12 10 10 10 55
13 10 11 10 11 10 52
10 10 10 11 11 10 52
11 10 10 12 13 10 55
11 11 10 10 14 10 55
10 10 11 10 11 12 54
10 10 18 10 12 10 60
10 10 10 10 11 14 55
11 10 26 10 10 10 66
10 10 10 10 10 10 50
13 10 11 10 10 12 53
11 10 10 11 10 10 51
10 14 10 11 10 13 58
14 10 10 10 10 10 50
12 10 10 11 10 10 51
10 10 12 10 12 12 56
12 10 11 10 13 12 56
10 20 10 14 12 11 67
10 11 10 10 11 11 53
11 12 12 12 11 10 57
10 10 10 10 10 10 50
13 10 10 10 10 11 51
10 11 11 12 12 11 57
12 13 14 11 11 11 60
11 10 10 10 10 11 51
16 12 12 12 10 13 59
11 10 13 10 10 10 53
21 13 13 12 10 10 58
10 10 11 13 13 11 58
11 10 10 10 11 12 53
10 11 12 10 14 11 58
12 12 12 13 10 12 59
14 10 12 10 15 10 57
10 11 10 10 11 12 54
10 10 10 10 11 13 54
12 10 11 12 13 11 57
13 10 13 10 13 11 57
15 14 11 11 10 11 57
12 15 10 12 10 10 57
11 12 12 10 11 13 58
11 10 12 13 11 12 58
11 10 12 13 12 13 60
10 12 11 10 10 10 53
10 10 11 11 10 10 52
15 11 11 12 10 11 55
10 10 10 11 10 15 56
10 11 10 11 10 11 53
11 11 10 22 12 12 67
10 11 10 12 10 10 53
10 12 10 12 13 10 57
12 12 11 12 12 11 58
10 10 14 10 17 11 62
10 14 13 10 11 11 59
10 11 12 17 10 14 64
12 10 10 10 10 12 52
10 10 13 12 11 10 56
10 10 12 11 11 11 55
11 11 16 10 15 10 62
10 10 11 11 13 11 56
11 10 10 11 10 11 52
11 10 10 11 10 10 51
12 11 11 10 15 10 57
10 10 10 10 15 12 57
10 11 10 10 13 10 54
10 10 10 11 10 12 53
11 12 16 10 11 13 62
12 10 26 10 10 10 66
12 10 10 10 10 10 50
11 14 11 11 10 10 56
10 12 11 10 11 10 54
10 11 12 10 10 12 55
12 10 13 12 11 11 57
10 11 12 10 10 12 55
10 10 11 11 11 10 53
10 11 10 11 11 12 55
10 11 10 10 10 13 54
10 10 13 11 13 11 58
14 14 12 10 12 10 58
11 12 15 11 13 10 61
15 12 10 10 13 10 55
10 11 10 13 11 10 55
13 10 10 10 10 12 52
